(kicad_pcb (version 20171130) (host pcbnew 5.0.1)

  (general
    (thickness 1.6)
    (drawings 77)
    (tracks 230)
    (zones 0)
    (modules 40)
    (nets 36)
  )

  (page User 150.012 150.012)
  (title_block
    (title "RS485 Sensor Board")
    (date 2017-02-21)
    (rev V1.2)
    (company "Janco & Jacco")
  )

  (layers
    (0 F.Cu signal)
    (31 B.Cu signal)
    (32 B.Adhes user)
    (33 F.Adhes user)
    (34 B.Paste user)
    (35 F.Paste user)
    (36 B.SilkS user)
    (37 F.SilkS user)
    (38 B.Mask user)
    (39 F.Mask user)
    (40 Dwgs.User user hide)
    (41 Cmts.User user hide)
    (42 Eco1.User user hide)
    (43 Eco2.User user hide)
    (44 Edge.Cuts user)
    (45 Margin user hide)
    (46 B.CrtYd user)
    (47 F.CrtYd user)
    (48 B.Fab user hide)
    (49 F.Fab user hide)
  )

  (setup
    (last_trace_width 0.4)
    (user_trace_width 0.4)
    (user_trace_width 1)
    (user_trace_width 2)
    (trace_clearance 0.1)
    (zone_clearance 0.508)
    (zone_45_only yes)
    (trace_min 0.4)
    (segment_width 0.2)
    (edge_width 0.15)
    (via_size 0.6)
    (via_drill 0.3)
    (via_min_size 0.4)
    (via_min_drill 0.3)
    (uvia_size 0.3)
    (uvia_drill 0.1)
    (uvias_allowed no)
    (uvia_min_size 0.2)
    (uvia_min_drill 0.1)
    (pcb_text_width 0.3)
    (pcb_text_size 1.5 1.5)
    (mod_edge_width 0.15)
    (mod_text_size 1 1)
    (mod_text_width 0.15)
    (pad_size 2.51 1)
    (pad_drill 0)
    (pad_to_mask_clearance 0.2)
    (solder_mask_min_width 0.25)
    (aux_axis_origin 116.713 49.911)
    (grid_origin 54.483 49.6316)
    (visible_elements FFFDFF7F)
    (pcbplotparams
      (layerselection 0x3f0ff_80000001)
      (usegerberextensions false)
      (usegerberattributes false)
      (usegerberadvancedattributes false)
      (creategerberjobfile false)
      (excludeedgelayer true)
      (linewidth 0.100000)
      (plotframeref false)
      (viasonmask false)
      (mode 1)
      (useauxorigin false)
      (hpglpennumber 1)
      (hpglpenspeed 20)
      (hpglpendiameter 15.000000)
      (psnegative false)
      (psa4output false)
      (plotreference true)
      (plotvalue true)
      (plotinvisibletext false)
      (padsonsilk false)
      (subtractmaskfromsilk false)
      (outputformat 1)
      (mirror false)
      (drillshape 0)
      (scaleselection 1)
      (outputdirectory "outputv4/"))
  )

  (net 0 "")
  (net 1 GND)
  (net 2 "Net-(R1-Pad1)")
  (net 3 +3V3)
  (net 4 LINE)
  (net 5 NEUT)
  (net 6 "Net-(F1-Pad2)")
  (net 7 "Net-(Q1-Pad3)")
  (net 8 "Net-(Q2-Pad3)")
  (net 9 "Net-(R2-Pad1)")
  (net 10 "Net-(R3-Pad2)")
  (net 11 "Net-(R4-Pad2)")
  (net 12 "Net-(C1-Pad1)")
  (net 13 "Net-(C1-Pad2)")
  (net 14 "Net-(C2-Pad1)")
  (net 15 "Net-(C2-Pad2)")
  (net 16 "Net-(D1-Pad2)")
  (net 17 "Net-(Q5-Pad3)")
  (net 18 "Net-(R8-Pad1)")
  (net 19 "Net-(R3-Pad1)")
  (net 20 "Net-(R4-Pad1)")
  (net 21 "Net-(R5-Pad2)")
  (net 22 "Net-(J2-Pad1)")
  (net 23 "Net-(J2-Pad2)")
  (net 24 "Net-(J3-Pad5)")
  (net 25 "Net-(J3-Pad4)")
  (net 26 "Net-(J5-Pad4)")
  (net 27 "Net-(J5-Pad3)")
  (net 28 "Net-(J5-Pad2)")
  (net 29 "Net-(J5-Pad1)")
  (net 30 "Net-(C8-Pad2)")
  (net 31 "Net-(R10-Pad2)")
  (net 32 "Net-(R14-Pad1)")
  (net 33 SW_1_LINE)
  (net 34 "Net-(J1-Pad5)")
  (net 35 "Net-(J1-Pad4)")

  (net_class Default "Dit is de standaard class."
    (clearance 0.1)
    (trace_width 0.4)
    (via_dia 0.6)
    (via_drill 0.3)
    (uvia_dia 0.3)
    (uvia_drill 0.1)
    (diff_pair_gap 0.25)
    (diff_pair_width 0.4)
    (add_net "Net-(C1-Pad1)")
    (add_net "Net-(C1-Pad2)")
    (add_net "Net-(C2-Pad1)")
    (add_net "Net-(C2-Pad2)")
    (add_net "Net-(C8-Pad2)")
    (add_net "Net-(D1-Pad2)")
    (add_net "Net-(F1-Pad2)")
    (add_net "Net-(J1-Pad4)")
    (add_net "Net-(J1-Pad5)")
    (add_net "Net-(J2-Pad1)")
    (add_net "Net-(J2-Pad2)")
    (add_net "Net-(J3-Pad4)")
    (add_net "Net-(J3-Pad5)")
    (add_net "Net-(J5-Pad1)")
    (add_net "Net-(J5-Pad2)")
    (add_net "Net-(J5-Pad3)")
    (add_net "Net-(J5-Pad4)")
    (add_net "Net-(Q1-Pad3)")
    (add_net "Net-(Q2-Pad3)")
    (add_net "Net-(Q5-Pad3)")
    (add_net "Net-(R1-Pad1)")
    (add_net "Net-(R10-Pad2)")
    (add_net "Net-(R14-Pad1)")
    (add_net "Net-(R2-Pad1)")
    (add_net "Net-(R3-Pad1)")
    (add_net "Net-(R3-Pad2)")
    (add_net "Net-(R4-Pad1)")
    (add_net "Net-(R4-Pad2)")
    (add_net "Net-(R5-Pad2)")
    (add_net "Net-(R8-Pad1)")
    (add_net SW_1_LINE)
  )

  (net_class 230V ""
    (clearance 0.4)
    (trace_width 2)
    (via_dia 0.6)
    (via_drill 0.3)
    (uvia_dia 0.3)
    (uvia_drill 0.1)
    (diff_pair_gap 0.25)
    (diff_pair_width 2)
    (add_net LINE)
    (add_net NEUT)
  )

  (net_class 3.3V ""
    (clearance 0.2)
    (trace_width 0.4)
    (via_dia 0.6)
    (via_drill 0.3)
    (uvia_dia 0.3)
    (uvia_drill 0.1)
    (diff_pair_gap 0.25)
    (diff_pair_width 0.4)
    (add_net +3V3)
    (add_net GND)
  )

  (net_class csp ""
    (clearance 0.2)
    (trace_width 1)
    (via_dia 0.6)
    (via_drill 0.3)
    (uvia_dia 0.3)
    (uvia_drill 0.1)
    (diff_pair_gap 0.25)
    (diff_pair_width 1)
  )

  (module Connector_PinHeader_2.54mm:PinHeader_1x04_P2.54mm_Vertical_SMD_Pin1Left locked (layer B.Cu) (tedit 5C1E66EF) (tstamp 5C180F95)
    (at 38.5699 67.9196 270)
    (descr "surface-mounted straight pin header, 1x04, 2.54mm pitch, single row, style 1 (pin 1 left)")
    (tags "Surface mounted pin header SMD 1x04 2.54mm single row style1 pin1 left")
    (path /5C1BB761)
    (attr smd)
    (fp_text reference J5 (at 0 6.14 270) (layer B.SilkS) hide
      (effects (font (size 1 1) (thickness 0.15)) (justify mirror))
    )
    (fp_text value "Programm header" (at 0 -6.14 270) (layer B.Fab)
      (effects (font (size 1 1) (thickness 0.15)) (justify mirror))
    )
    (fp_text user %R (at 0 0 180) (layer B.Fab)
      (effects (font (size 1 1) (thickness 0.15)) (justify mirror))
    )
    (fp_line (start 3.45 5.6) (end -3.45 5.6) (layer B.CrtYd) (width 0.05))
    (fp_line (start 3.45 -5.6) (end 3.45 5.6) (layer B.CrtYd) (width 0.05))
    (fp_line (start -3.45 -5.6) (end 3.45 -5.6) (layer B.CrtYd) (width 0.05))
    (fp_line (start -3.45 5.6) (end -3.45 -5.6) (layer B.CrtYd) (width 0.05))
    (fp_line (start -1.33 -2.03) (end -1.33 -5.14) (layer B.SilkS) (width 0.12))
    (fp_line (start -1.33 3.05) (end -1.33 -0.51) (layer B.SilkS) (width 0.12))
    (fp_line (start 1.33 0.51) (end 1.33 -3.05) (layer B.SilkS) (width 0.12))
    (fp_line (start 1.33 -4.57) (end 1.33 -5.14) (layer B.SilkS) (width 0.12))
    (fp_line (start -1.33 5.14) (end -1.33 4.57) (layer B.SilkS) (width 0.12))
    (fp_line (start -1.33 4.57) (end -2.85 4.57) (layer B.SilkS) (width 0.12))
    (fp_line (start 1.33 5.14) (end 1.33 2.03) (layer B.SilkS) (width 0.12))
    (fp_line (start -1.33 -5.14) (end 1.33 -5.14) (layer B.SilkS) (width 0.12))
    (fp_line (start -1.33 5.14) (end 1.33 5.14) (layer B.SilkS) (width 0.12))
    (fp_line (start 2.54 -4.13) (end 1.27 -4.13) (layer B.Fab) (width 0.1))
    (fp_line (start 2.54 -3.49) (end 2.54 -4.13) (layer B.Fab) (width 0.1))
    (fp_line (start 1.27 -3.49) (end 2.54 -3.49) (layer B.Fab) (width 0.1))
    (fp_line (start 2.54 0.95) (end 1.27 0.95) (layer B.Fab) (width 0.1))
    (fp_line (start 2.54 1.59) (end 2.54 0.95) (layer B.Fab) (width 0.1))
    (fp_line (start 1.27 1.59) (end 2.54 1.59) (layer B.Fab) (width 0.1))
    (fp_line (start -2.54 -1.59) (end -1.27 -1.59) (layer B.Fab) (width 0.1))
    (fp_line (start -2.54 -0.95) (end -2.54 -1.59) (layer B.Fab) (width 0.1))
    (fp_line (start -1.27 -0.95) (end -2.54 -0.95) (layer B.Fab) (width 0.1))
    (fp_line (start -2.54 3.49) (end -1.27 3.49) (layer B.Fab) (width 0.1))
    (fp_line (start -2.54 4.13) (end -2.54 3.49) (layer B.Fab) (width 0.1))
    (fp_line (start -1.27 4.13) (end -2.54 4.13) (layer B.Fab) (width 0.1))
    (fp_line (start 1.27 5.08) (end 1.27 -5.08) (layer B.Fab) (width 0.1))
    (fp_line (start -1.27 4.13) (end -0.32 5.08) (layer B.Fab) (width 0.1))
    (fp_line (start -1.27 -5.08) (end -1.27 4.13) (layer B.Fab) (width 0.1))
    (fp_line (start -0.32 5.08) (end 1.27 5.08) (layer B.Fab) (width 0.1))
    (fp_line (start 1.27 -5.08) (end -1.27 -5.08) (layer B.Fab) (width 0.1))
    (pad 4 smd rect (at -0.0436 -3.81 270) (size 2.51 1) (layers B.Cu B.Paste B.Mask)
      (net 26 "Net-(J5-Pad4)"))
    (pad 2 smd rect (at -0.0436 1.27 270) (size 2.51 1) (layers B.Cu B.Paste B.Mask)
      (net 28 "Net-(J5-Pad2)"))
    (pad 3 smd rect (at -0.0436 -1.27 270) (size 2.51 1) (layers B.Cu B.Paste B.Mask)
      (net 27 "Net-(J5-Pad3)"))
    (pad 1 smd rect (at -0.0436 3.81 270) (size 2.51 1) (layers B.Cu B.Paste B.Mask)
      (net 29 "Net-(J5-Pad1)"))
  )

  (module Capacitor_SMD:C_1206_3216Metric_Pad1.42x1.75mm_HandSolder (layer B.Cu) (tedit 5B301BBE) (tstamp 5C1FF71B)
    (at 60.35294 44.74972 270)
    (descr "Capacitor SMD 1206 (3216 Metric), square (rectangular) end terminal, IPC_7351 nominal with elongated pad for handsoldering. (Body size source: http://www.tortai-tech.com/upload/download/2011102023233369053.pdf), generated with kicad-footprint-generator")
    (tags "capacitor handsolder")
    (path /5C2061AB)
    (attr smd)
    (fp_text reference C8 (at 0 1.82 270) (layer B.SilkS)
      (effects (font (size 1 1) (thickness 0.15)) (justify mirror))
    )
    (fp_text value 100nF (at 0 -1.82 270) (layer B.Fab)
      (effects (font (size 1 1) (thickness 0.15)) (justify mirror))
    )
    (fp_text user %R (at 0 0 270) (layer B.Fab)
      (effects (font (size 0.8 0.8) (thickness 0.12)) (justify mirror))
    )
    (fp_line (start 2.45 -1.12) (end -2.45 -1.12) (layer B.CrtYd) (width 0.05))
    (fp_line (start 2.45 1.12) (end 2.45 -1.12) (layer B.CrtYd) (width 0.05))
    (fp_line (start -2.45 1.12) (end 2.45 1.12) (layer B.CrtYd) (width 0.05))
    (fp_line (start -2.45 -1.12) (end -2.45 1.12) (layer B.CrtYd) (width 0.05))
    (fp_line (start -0.602064 -0.91) (end 0.602064 -0.91) (layer B.SilkS) (width 0.12))
    (fp_line (start -0.602064 0.91) (end 0.602064 0.91) (layer B.SilkS) (width 0.12))
    (fp_line (start 1.6 -0.8) (end -1.6 -0.8) (layer B.Fab) (width 0.1))
    (fp_line (start 1.6 0.8) (end 1.6 -0.8) (layer B.Fab) (width 0.1))
    (fp_line (start -1.6 0.8) (end 1.6 0.8) (layer B.Fab) (width 0.1))
    (fp_line (start -1.6 -0.8) (end -1.6 0.8) (layer B.Fab) (width 0.1))
    (pad 2 smd roundrect (at 1.4875 0 270) (size 1.425 1.75) (layers B.Cu B.Paste B.Mask) (roundrect_rratio 0.175439)
      (net 30 "Net-(C8-Pad2)"))
    (pad 1 smd roundrect (at -1.4875 0 270) (size 1.425 1.75) (layers B.Cu B.Paste B.Mask) (roundrect_rratio 0.175439)
      (net 33 SW_1_LINE))
    (model ${KISYS3DMOD}/Capacitor_SMD.3dshapes/C_1206_3216Metric.wrl
      (at (xyz 0 0 0))
      (scale (xyz 1 1 1))
      (rotate (xyz 0 0 0))
    )
  )

  (module Resistor_SMD:R_1206_3216Metric_Pad1.42x1.75mm_HandSolder (layer B.Cu) (tedit 5B301BBD) (tstamp 5C29BB56)
    (at 55.56504 44.29506 90)
    (descr "Resistor SMD 1206 (3216 Metric), square (rectangular) end terminal, IPC_7351 nominal with elongated pad for handsoldering. (Body size source: http://www.tortai-tech.com/upload/download/2011102023233369053.pdf), generated with kicad-footprint-generator")
    (tags "resistor handsolder")
    (path /5BFAF2A6)
    (attr smd)
    (fp_text reference R2 (at 0 1.82 90) (layer B.SilkS)
      (effects (font (size 1 1) (thickness 0.15)) (justify mirror))
    )
    (fp_text value 360 (at 0 -1.82 90) (layer B.Fab)
      (effects (font (size 1 1) (thickness 0.15)) (justify mirror))
    )
    (fp_line (start -1.6 -0.8) (end -1.6 0.8) (layer B.Fab) (width 0.1))
    (fp_line (start -1.6 0.8) (end 1.6 0.8) (layer B.Fab) (width 0.1))
    (fp_line (start 1.6 0.8) (end 1.6 -0.8) (layer B.Fab) (width 0.1))
    (fp_line (start 1.6 -0.8) (end -1.6 -0.8) (layer B.Fab) (width 0.1))
    (fp_line (start -0.602064 0.91) (end 0.602064 0.91) (layer B.SilkS) (width 0.12))
    (fp_line (start -0.602064 -0.91) (end 0.602064 -0.91) (layer B.SilkS) (width 0.12))
    (fp_line (start -2.45 -1.12) (end -2.45 1.12) (layer B.CrtYd) (width 0.05))
    (fp_line (start -2.45 1.12) (end 2.45 1.12) (layer B.CrtYd) (width 0.05))
    (fp_line (start 2.45 1.12) (end 2.45 -1.12) (layer B.CrtYd) (width 0.05))
    (fp_line (start 2.45 -1.12) (end -2.45 -1.12) (layer B.CrtYd) (width 0.05))
    (fp_text user %R (at 0 0 90) (layer B.Fab)
      (effects (font (size 0.8 0.8) (thickness 0.12)) (justify mirror))
    )
    (pad 1 smd roundrect (at -1.4875 0 90) (size 1.425 1.75) (layers B.Cu B.Paste B.Mask) (roundrect_rratio 0.175439)
      (net 9 "Net-(R2-Pad1)"))
    (pad 2 smd roundrect (at 1.4875 0 90) (size 1.425 1.75) (layers B.Cu B.Paste B.Mask) (roundrect_rratio 0.175439)
      (net 4 LINE))
    (model ${KISYS3DMOD}/Resistor_SMD.3dshapes/R_1206_3216Metric.wrl
      (at (xyz 0 0 0))
      (scale (xyz 1 1 1))
      (rotate (xyz 0 0 0))
    )
  )

  (module Resistor_SMD:R_1206_3216Metric_Pad1.42x1.75mm_HandSolder (layer B.Cu) (tedit 5B301BBD) (tstamp 5C0C3243)
    (at 51.64328 45.90542)
    (descr "Resistor SMD 1206 (3216 Metric), square (rectangular) end terminal, IPC_7351 nominal with elongated pad for handsoldering. (Body size source: http://www.tortai-tech.com/upload/download/2011102023233369053.pdf), generated with kicad-footprint-generator")
    (tags "resistor handsolder")
    (path /5BFAF2A6)
    (attr smd)
    (fp_text reference R2 (at 0 1.82) (layer B.SilkS)
      (effects (font (size 1 1) (thickness 0.15)) (justify mirror))
    )
    (fp_text value 360 (at 0 -1.82) (layer B.Fab)
      (effects (font (size 1 1) (thickness 0.15)) (justify mirror))
    )
    (fp_text user %R (at 0 0) (layer B.Fab)
      (effects (font (size 0.8 0.8) (thickness 0.12)) (justify mirror))
    )
    (fp_line (start 2.45 -1.12) (end -2.45 -1.12) (layer B.CrtYd) (width 0.05))
    (fp_line (start 2.45 1.12) (end 2.45 -1.12) (layer B.CrtYd) (width 0.05))
    (fp_line (start -2.45 1.12) (end 2.45 1.12) (layer B.CrtYd) (width 0.05))
    (fp_line (start -2.45 -1.12) (end -2.45 1.12) (layer B.CrtYd) (width 0.05))
    (fp_line (start -0.602064 -0.91) (end 0.602064 -0.91) (layer B.SilkS) (width 0.12))
    (fp_line (start -0.602064 0.91) (end 0.602064 0.91) (layer B.SilkS) (width 0.12))
    (fp_line (start 1.6 -0.8) (end -1.6 -0.8) (layer B.Fab) (width 0.1))
    (fp_line (start 1.6 0.8) (end 1.6 -0.8) (layer B.Fab) (width 0.1))
    (fp_line (start -1.6 0.8) (end 1.6 0.8) (layer B.Fab) (width 0.1))
    (fp_line (start -1.6 -0.8) (end -1.6 0.8) (layer B.Fab) (width 0.1))
    (pad 2 smd roundrect (at 1.4875 0) (size 1.425 1.75) (layers B.Cu B.Paste B.Mask) (roundrect_rratio 0.175439)
      (net 4 LINE))
    (pad 1 smd roundrect (at -1.4875 0) (size 1.425 1.75) (layers B.Cu B.Paste B.Mask) (roundrect_rratio 0.175439)
      (net 9 "Net-(R2-Pad1)"))
    (model ${KISYS3DMOD}/Resistor_SMD.3dshapes/R_1206_3216Metric.wrl
      (at (xyz 0 0 0))
      (scale (xyz 1 1 1))
      (rotate (xyz 0 0 0))
    )
  )

  (module Resistor_SMD:R_1206_3216Metric_Pad1.42x1.75mm_HandSolder (layer B.Cu) (tedit 5B301BBD) (tstamp 5C29AEED)
    (at 55.55996 33.81756 90)
    (descr "Resistor SMD 1206 (3216 Metric), square (rectangular) end terminal, IPC_7351 nominal with elongated pad for handsoldering. (Body size source: http://www.tortai-tech.com/upload/download/2011102023233369053.pdf), generated with kicad-footprint-generator")
    (tags "resistor handsolder")
    (path /5BFAE8F2)
    (attr smd)
    (fp_text reference R1 (at 0 1.82 90) (layer B.SilkS)
      (effects (font (size 1 1) (thickness 0.15)) (justify mirror))
    )
    (fp_text value 360 (at 0 -1.82 90) (layer B.Fab)
      (effects (font (size 1 1) (thickness 0.15)) (justify mirror))
    )
    (fp_text user %R (at 0 0 90) (layer B.Fab)
      (effects (font (size 0.8 0.8) (thickness 0.12)) (justify mirror))
    )
    (fp_line (start 2.45 -1.12) (end -2.45 -1.12) (layer B.CrtYd) (width 0.05))
    (fp_line (start 2.45 1.12) (end 2.45 -1.12) (layer B.CrtYd) (width 0.05))
    (fp_line (start -2.45 1.12) (end 2.45 1.12) (layer B.CrtYd) (width 0.05))
    (fp_line (start -2.45 -1.12) (end -2.45 1.12) (layer B.CrtYd) (width 0.05))
    (fp_line (start -0.602064 -0.91) (end 0.602064 -0.91) (layer B.SilkS) (width 0.12))
    (fp_line (start -0.602064 0.91) (end 0.602064 0.91) (layer B.SilkS) (width 0.12))
    (fp_line (start 1.6 -0.8) (end -1.6 -0.8) (layer B.Fab) (width 0.1))
    (fp_line (start 1.6 0.8) (end 1.6 -0.8) (layer B.Fab) (width 0.1))
    (fp_line (start -1.6 0.8) (end 1.6 0.8) (layer B.Fab) (width 0.1))
    (fp_line (start -1.6 -0.8) (end -1.6 0.8) (layer B.Fab) (width 0.1))
    (pad 2 smd roundrect (at 1.4875 0 90) (size 1.425 1.75) (layers B.Cu B.Paste B.Mask) (roundrect_rratio 0.175439)
      (net 4 LINE))
    (pad 1 smd roundrect (at -1.4875 0 90) (size 1.425 1.75) (layers B.Cu B.Paste B.Mask) (roundrect_rratio 0.175439)
      (net 2 "Net-(R1-Pad1)"))
    (model ${KISYS3DMOD}/Resistor_SMD.3dshapes/R_1206_3216Metric.wrl
      (at (xyz 0 0 0))
      (scale (xyz 1 1 1))
      (rotate (xyz 0 0 0))
    )
  )

  (module Resistor_SMD:R_1206_3216Metric_Pad1.42x1.75mm_HandSolder (layer B.Cu) (tedit 5B301BBD) (tstamp 5C29815D)
    (at 51.7017 35.56508)
    (descr "Resistor SMD 1206 (3216 Metric), square (rectangular) end terminal, IPC_7351 nominal with elongated pad for handsoldering. (Body size source: http://www.tortai-tech.com/upload/download/2011102023233369053.pdf), generated with kicad-footprint-generator")
    (tags "resistor handsolder")
    (path /5BFAE8F2)
    (attr smd)
    (fp_text reference R1 (at 0 1.82) (layer B.SilkS)
      (effects (font (size 1 1) (thickness 0.15)) (justify mirror))
    )
    (fp_text value 360 (at 0 -1.82) (layer B.Fab)
      (effects (font (size 1 1) (thickness 0.15)) (justify mirror))
    )
    (fp_text user %R (at 0 0) (layer B.Fab)
      (effects (font (size 0.8 0.8) (thickness 0.12)) (justify mirror))
    )
    (fp_line (start 2.45 -1.12) (end -2.45 -1.12) (layer B.CrtYd) (width 0.05))
    (fp_line (start 2.45 1.12) (end 2.45 -1.12) (layer B.CrtYd) (width 0.05))
    (fp_line (start -2.45 1.12) (end 2.45 1.12) (layer B.CrtYd) (width 0.05))
    (fp_line (start -2.45 -1.12) (end -2.45 1.12) (layer B.CrtYd) (width 0.05))
    (fp_line (start -0.602064 -0.91) (end 0.602064 -0.91) (layer B.SilkS) (width 0.12))
    (fp_line (start -0.602064 0.91) (end 0.602064 0.91) (layer B.SilkS) (width 0.12))
    (fp_line (start 1.6 -0.8) (end -1.6 -0.8) (layer B.Fab) (width 0.1))
    (fp_line (start 1.6 0.8) (end 1.6 -0.8) (layer B.Fab) (width 0.1))
    (fp_line (start -1.6 0.8) (end 1.6 0.8) (layer B.Fab) (width 0.1))
    (fp_line (start -1.6 -0.8) (end -1.6 0.8) (layer B.Fab) (width 0.1))
    (pad 2 smd roundrect (at 1.4875 0) (size 1.425 1.75) (layers B.Cu B.Paste B.Mask) (roundrect_rratio 0.175439)
      (net 4 LINE))
    (pad 1 smd roundrect (at -1.4875 0) (size 1.425 1.75) (layers B.Cu B.Paste B.Mask) (roundrect_rratio 0.175439)
      (net 2 "Net-(R1-Pad1)"))
    (model ${KISYS3DMOD}/Resistor_SMD.3dshapes/R_1206_3216Metric.wrl
      (at (xyz 0 0 0))
      (scale (xyz 1 1 1))
      (rotate (xyz 0 0 0))
    )
  )

  (module Resistor_SMD:R_1206_3216Metric_Pad1.42x1.75mm_HandSolder (layer B.Cu) (tedit 5B301BBD) (tstamp 5C27445D)
    (at 57.10428 52.39258 90)
    (descr "Resistor SMD 1206 (3216 Metric), square (rectangular) end terminal, IPC_7351 nominal with elongated pad for handsoldering. (Body size source: http://www.tortai-tech.com/upload/download/2011102023233369053.pdf), generated with kicad-footprint-generator")
    (tags "resistor handsolder")
    (path /5BFB25DA)
    (attr smd)
    (fp_text reference R6 (at 0 1.82 90) (layer B.SilkS)
      (effects (font (size 1 1) (thickness 0.15)) (justify mirror))
    )
    (fp_text value 220K (at 0 -1.82 90) (layer B.Fab)
      (effects (font (size 1 1) (thickness 0.15)) (justify mirror))
    )
    (fp_text user %R (at 0 0 90) (layer B.Fab)
      (effects (font (size 0.8 0.8) (thickness 0.12)) (justify mirror))
    )
    (fp_line (start 2.45 -1.12) (end -2.45 -1.12) (layer B.CrtYd) (width 0.05))
    (fp_line (start 2.45 1.12) (end 2.45 -1.12) (layer B.CrtYd) (width 0.05))
    (fp_line (start -2.45 1.12) (end 2.45 1.12) (layer B.CrtYd) (width 0.05))
    (fp_line (start -2.45 -1.12) (end -2.45 1.12) (layer B.CrtYd) (width 0.05))
    (fp_line (start -0.602064 -0.91) (end 0.602064 -0.91) (layer B.SilkS) (width 0.12))
    (fp_line (start -0.602064 0.91) (end 0.602064 0.91) (layer B.SilkS) (width 0.12))
    (fp_line (start 1.6 -0.8) (end -1.6 -0.8) (layer B.Fab) (width 0.1))
    (fp_line (start 1.6 0.8) (end 1.6 -0.8) (layer B.Fab) (width 0.1))
    (fp_line (start -1.6 0.8) (end 1.6 0.8) (layer B.Fab) (width 0.1))
    (fp_line (start -1.6 -0.8) (end -1.6 0.8) (layer B.Fab) (width 0.1))
    (pad 2 smd roundrect (at 1.4875 0 90) (size 1.425 1.75) (layers B.Cu B.Paste B.Mask) (roundrect_rratio 0.175439)
      (net 5 NEUT))
    (pad 1 smd roundrect (at -1.4875 0 90) (size 1.425 1.75) (layers B.Cu B.Paste B.Mask) (roundrect_rratio 0.175439)
      (net 12 "Net-(C1-Pad1)"))
    (model ${KISYS3DMOD}/Resistor_SMD.3dshapes/R_1206_3216Metric.wrl
      (at (xyz 0 0 0))
      (scale (xyz 1 1 1))
      (rotate (xyz 0 0 0))
    )
  )

  (module Resistor_SMD:R_1206_3216Metric_Pad1.42x1.75mm_HandSolder (layer B.Cu) (tedit 5B301BBD) (tstamp 5C1FF72C)
    (at 52.63388 50.98034 180)
    (descr "Resistor SMD 1206 (3216 Metric), square (rectangular) end terminal, IPC_7351 nominal with elongated pad for handsoldering. (Body size source: http://www.tortai-tech.com/upload/download/2011102023233369053.pdf), generated with kicad-footprint-generator")
    (tags "resistor handsolder")
    (path /5C210EBE)
    (attr smd)
    (fp_text reference R10 (at 0 1.82 180) (layer B.SilkS)
      (effects (font (size 1 1) (thickness 0.15)) (justify mirror))
    )
    (fp_text value 1K (at 0 -1.82 180) (layer B.Fab)
      (effects (font (size 1 1) (thickness 0.15)) (justify mirror))
    )
    (fp_text user %R (at 0 0 180) (layer B.Fab)
      (effects (font (size 0.8 0.8) (thickness 0.12)) (justify mirror))
    )
    (fp_line (start 2.45 -1.12) (end -2.45 -1.12) (layer B.CrtYd) (width 0.05))
    (fp_line (start 2.45 1.12) (end 2.45 -1.12) (layer B.CrtYd) (width 0.05))
    (fp_line (start -2.45 1.12) (end 2.45 1.12) (layer B.CrtYd) (width 0.05))
    (fp_line (start -2.45 -1.12) (end -2.45 1.12) (layer B.CrtYd) (width 0.05))
    (fp_line (start -0.602064 -0.91) (end 0.602064 -0.91) (layer B.SilkS) (width 0.12))
    (fp_line (start -0.602064 0.91) (end 0.602064 0.91) (layer B.SilkS) (width 0.12))
    (fp_line (start 1.6 -0.8) (end -1.6 -0.8) (layer B.Fab) (width 0.1))
    (fp_line (start 1.6 0.8) (end 1.6 -0.8) (layer B.Fab) (width 0.1))
    (fp_line (start -1.6 0.8) (end 1.6 0.8) (layer B.Fab) (width 0.1))
    (fp_line (start -1.6 -0.8) (end -1.6 0.8) (layer B.Fab) (width 0.1))
    (pad 2 smd roundrect (at 1.4875 0 180) (size 1.425 1.75) (layers B.Cu B.Paste B.Mask) (roundrect_rratio 0.175439)
      (net 31 "Net-(R10-Pad2)"))
    (pad 1 smd roundrect (at -1.4875 0 180) (size 1.425 1.75) (layers B.Cu B.Paste B.Mask) (roundrect_rratio 0.175439)
      (net 5 NEUT))
    (model ${KISYS3DMOD}/Resistor_SMD.3dshapes/R_1206_3216Metric.wrl
      (at (xyz 0 0 0))
      (scale (xyz 1 1 1))
      (rotate (xyz 0 0 0))
    )
  )

  (module Resistor_SMD:R_1206_3216Metric_Pad1.42x1.75mm_HandSolder (layer B.Cu) (tedit 5B301BBD) (tstamp 5C27D3BD)
    (at 57.1119 62.29604 270)
    (descr "Resistor SMD 1206 (3216 Metric), square (rectangular) end terminal, IPC_7351 nominal with elongated pad for handsoldering. (Body size source: http://www.tortai-tech.com/upload/download/2011102023233369053.pdf), generated with kicad-footprint-generator")
    (tags "resistor handsolder")
    (path /5C0267BE)
    (attr smd)
    (fp_text reference R7 (at 0 1.82 270) (layer B.SilkS)
      (effects (font (size 1 1) (thickness 0.15)) (justify mirror))
    )
    (fp_text value 220K (at 0 -1.82 270) (layer B.Fab)
      (effects (font (size 1 1) (thickness 0.15)) (justify mirror))
    )
    (fp_text user %R (at 0 0 270) (layer B.Fab)
      (effects (font (size 0.8 0.8) (thickness 0.12)) (justify mirror))
    )
    (fp_line (start 2.45 -1.12) (end -2.45 -1.12) (layer B.CrtYd) (width 0.05))
    (fp_line (start 2.45 1.12) (end 2.45 -1.12) (layer B.CrtYd) (width 0.05))
    (fp_line (start -2.45 1.12) (end 2.45 1.12) (layer B.CrtYd) (width 0.05))
    (fp_line (start -2.45 -1.12) (end -2.45 1.12) (layer B.CrtYd) (width 0.05))
    (fp_line (start -0.602064 -0.91) (end 0.602064 -0.91) (layer B.SilkS) (width 0.12))
    (fp_line (start -0.602064 0.91) (end 0.602064 0.91) (layer B.SilkS) (width 0.12))
    (fp_line (start 1.6 -0.8) (end -1.6 -0.8) (layer B.Fab) (width 0.1))
    (fp_line (start 1.6 0.8) (end 1.6 -0.8) (layer B.Fab) (width 0.1))
    (fp_line (start -1.6 0.8) (end 1.6 0.8) (layer B.Fab) (width 0.1))
    (fp_line (start -1.6 -0.8) (end -1.6 0.8) (layer B.Fab) (width 0.1))
    (pad 2 smd roundrect (at 1.4875 0 270) (size 1.425 1.75) (layers B.Cu B.Paste B.Mask) (roundrect_rratio 0.175439)
      (net 4 LINE))
    (pad 1 smd roundrect (at -1.4875 0 270) (size 1.425 1.75) (layers B.Cu B.Paste B.Mask) (roundrect_rratio 0.175439)
      (net 13 "Net-(C1-Pad2)"))
    (model ${KISYS3DMOD}/Resistor_SMD.3dshapes/R_1206_3216Metric.wrl
      (at (xyz 0 0 0))
      (scale (xyz 1 1 1))
      (rotate (xyz 0 0 0))
    )
  )

  (module Resistor_SMD:R_0805_2012Metric_Pad1.15x1.40mm_HandSolder (layer B.Cu) (tedit 5B36C52B) (tstamp 5C29178B)
    (at 37.47008 36.23056 90)
    (descr "Resistor SMD 0805 (2012 Metric), square (rectangular) end terminal, IPC_7351 nominal with elongated pad for handsoldering. (Body size source: https://docs.google.com/spreadsheets/d/1BsfQQcO9C6DZCsRaXUlFlo91Tg2WpOkGARC1WS5S8t0/edit?usp=sharing), generated with kicad-footprint-generator")
    (tags "resistor handsolder")
    (path /5BFAEEBD)
    (attr smd)
    (fp_text reference R3 (at 2.7686 -0.0635 180) (layer B.SilkS)
      (effects (font (size 1 1) (thickness 0.15)) (justify mirror))
    )
    (fp_text value 100 (at 0 -1.65 90) (layer B.Fab)
      (effects (font (size 1 1) (thickness 0.15)) (justify mirror))
    )
    (fp_text user %R (at 0 0 90) (layer B.Fab)
      (effects (font (size 0.5 0.5) (thickness 0.08)) (justify mirror))
    )
    (fp_line (start 1.85 -0.95) (end -1.85 -0.95) (layer B.CrtYd) (width 0.05))
    (fp_line (start 1.85 0.95) (end 1.85 -0.95) (layer B.CrtYd) (width 0.05))
    (fp_line (start -1.85 0.95) (end 1.85 0.95) (layer B.CrtYd) (width 0.05))
    (fp_line (start -1.85 -0.95) (end -1.85 0.95) (layer B.CrtYd) (width 0.05))
    (fp_line (start -0.261252 -0.71) (end 0.261252 -0.71) (layer B.SilkS) (width 0.12))
    (fp_line (start -0.261252 0.71) (end 0.261252 0.71) (layer B.SilkS) (width 0.12))
    (fp_line (start 1 -0.6) (end -1 -0.6) (layer B.Fab) (width 0.1))
    (fp_line (start 1 0.6) (end 1 -0.6) (layer B.Fab) (width 0.1))
    (fp_line (start -1 0.6) (end 1 0.6) (layer B.Fab) (width 0.1))
    (fp_line (start -1 -0.6) (end -1 0.6) (layer B.Fab) (width 0.1))
    (pad 2 smd roundrect (at 1.025 0 90) (size 1.15 1.4) (layers B.Cu B.Paste B.Mask) (roundrect_rratio 0.217391)
      (net 10 "Net-(R3-Pad2)"))
    (pad 1 smd roundrect (at -1.025 0 90) (size 1.15 1.4) (layers B.Cu B.Paste B.Mask) (roundrect_rratio 0.217391)
      (net 19 "Net-(R3-Pad1)"))
    (model ${KISYS3DMOD}/Resistor_SMD.3dshapes/R_0805_2012Metric.wrl
      (at (xyz 0 0 0))
      (scale (xyz 1 1 1))
      (rotate (xyz 0 0 0))
    )
  )

  (module Resistor_SMD:R_0805_2012Metric_Pad1.15x1.40mm_HandSolder (layer B.Cu) (tedit 5B36C52B) (tstamp 5C27D0A4)
    (at 31.5722 45.339 180)
    (descr "Resistor SMD 0805 (2012 Metric), square (rectangular) end terminal, IPC_7351 nominal with elongated pad for handsoldering. (Body size source: https://docs.google.com/spreadsheets/d/1BsfQQcO9C6DZCsRaXUlFlo91Tg2WpOkGARC1WS5S8t0/edit?usp=sharing), generated with kicad-footprint-generator")
    (tags "resistor handsolder")
    (path /5C217343)
    (attr smd)
    (fp_text reference R14 (at -0.0127 -1.8923 180) (layer B.SilkS)
      (effects (font (size 1 1) (thickness 0.15)) (justify mirror))
    )
    (fp_text value 10K (at 0 -1.65 180) (layer B.Fab)
      (effects (font (size 1 1) (thickness 0.15)) (justify mirror))
    )
    (fp_line (start -1 -0.6) (end -1 0.6) (layer B.Fab) (width 0.1))
    (fp_line (start -1 0.6) (end 1 0.6) (layer B.Fab) (width 0.1))
    (fp_line (start 1 0.6) (end 1 -0.6) (layer B.Fab) (width 0.1))
    (fp_line (start 1 -0.6) (end -1 -0.6) (layer B.Fab) (width 0.1))
    (fp_line (start -0.261252 0.71) (end 0.261252 0.71) (layer B.SilkS) (width 0.12))
    (fp_line (start -0.261252 -0.71) (end 0.261252 -0.71) (layer B.SilkS) (width 0.12))
    (fp_line (start -1.85 -0.95) (end -1.85 0.95) (layer B.CrtYd) (width 0.05))
    (fp_line (start -1.85 0.95) (end 1.85 0.95) (layer B.CrtYd) (width 0.05))
    (fp_line (start 1.85 0.95) (end 1.85 -0.95) (layer B.CrtYd) (width 0.05))
    (fp_line (start 1.85 -0.95) (end -1.85 -0.95) (layer B.CrtYd) (width 0.05))
    (fp_text user %R (at 0 0 180) (layer B.Fab)
      (effects (font (size 0.5 0.5) (thickness 0.08)) (justify mirror))
    )
    (pad 1 smd roundrect (at -1.025 0 180) (size 1.15 1.4) (layers B.Cu B.Paste B.Mask) (roundrect_rratio 0.217391)
      (net 32 "Net-(R14-Pad1)"))
    (pad 2 smd roundrect (at 1.025 0 180) (size 1.15 1.4) (layers B.Cu B.Paste B.Mask) (roundrect_rratio 0.217391)
      (net 3 +3V3))
    (model ${KISYS3DMOD}/Resistor_SMD.3dshapes/R_0805_2012Metric.wrl
      (at (xyz 0 0 0))
      (scale (xyz 1 1 1))
      (rotate (xyz 0 0 0))
    )
  )

  (module Resistor_SMD:R_0805_2012Metric_Pad1.15x1.40mm_HandSolder (layer B.Cu) (tedit 5B36C52B) (tstamp 5C27448D)
    (at 57.51068 67.0179)
    (descr "Resistor SMD 0805 (2012 Metric), square (rectangular) end terminal, IPC_7351 nominal with elongated pad for handsoldering. (Body size source: https://docs.google.com/spreadsheets/d/1BsfQQcO9C6DZCsRaXUlFlo91Tg2WpOkGARC1WS5S8t0/edit?usp=sharing), generated with kicad-footprint-generator")
    (tags "resistor handsolder")
    (path /5C0327C4)
    (attr smd)
    (fp_text reference R8 (at 2.94894 0.0127 -90) (layer B.SilkS)
      (effects (font (size 1 1) (thickness 0.15)) (justify mirror))
    )
    (fp_text value 1K (at 0 -1.65) (layer B.Fab)
      (effects (font (size 1 1) (thickness 0.15)) (justify mirror))
    )
    (fp_line (start -1 -0.6) (end -1 0.6) (layer B.Fab) (width 0.1))
    (fp_line (start -1 0.6) (end 1 0.6) (layer B.Fab) (width 0.1))
    (fp_line (start 1 0.6) (end 1 -0.6) (layer B.Fab) (width 0.1))
    (fp_line (start 1 -0.6) (end -1 -0.6) (layer B.Fab) (width 0.1))
    (fp_line (start -0.261252 0.71) (end 0.261252 0.71) (layer B.SilkS) (width 0.12))
    (fp_line (start -0.261252 -0.71) (end 0.261252 -0.71) (layer B.SilkS) (width 0.12))
    (fp_line (start -1.85 -0.95) (end -1.85 0.95) (layer B.CrtYd) (width 0.05))
    (fp_line (start -1.85 0.95) (end 1.85 0.95) (layer B.CrtYd) (width 0.05))
    (fp_line (start 1.85 0.95) (end 1.85 -0.95) (layer B.CrtYd) (width 0.05))
    (fp_line (start 1.85 -0.95) (end -1.85 -0.95) (layer B.CrtYd) (width 0.05))
    (fp_text user %R (at 0 0) (layer B.Fab)
      (effects (font (size 0.5 0.5) (thickness 0.08)) (justify mirror))
    )
    (pad 1 smd roundrect (at -1.025 0) (size 1.15 1.4) (layers B.Cu B.Paste B.Mask) (roundrect_rratio 0.217391)
      (net 18 "Net-(R8-Pad1)"))
    (pad 2 smd roundrect (at 1.025 0) (size 1.15 1.4) (layers B.Cu B.Paste B.Mask) (roundrect_rratio 0.217391)
      (net 14 "Net-(C2-Pad1)"))
    (model ${KISYS3DMOD}/Resistor_SMD.3dshapes/R_0805_2012Metric.wrl
      (at (xyz 0 0 0))
      (scale (xyz 1 1 1))
      (rotate (xyz 0 0 0))
    )
  )

  (module Package_DIP:SMDIP-6_W7.62mm (layer B.Cu) (tedit 5A02E8C5) (tstamp 5C27C0BE)
    (at 43.77182 42.61866)
    (descr "6-lead surface-mounted (SMD) DIP package, row spacing 7.62 mm (300 mils)")
    (tags "SMD DIP DIL PDIP SMDIP 2.54mm 7.62mm 300mil")
    (path /5BFAF2AD)
    (attr smd)
    (fp_text reference U3 (at 3.93954 -4.11734) (layer B.SilkS)
      (effects (font (size 1 1) (thickness 0.15)) (justify mirror))
    )
    (fp_text value MOC3052 (at 0 -4.87) (layer B.Fab)
      (effects (font (size 1 1) (thickness 0.15)) (justify mirror))
    )
    (fp_text user %R (at 0 0) (layer B.Fab)
      (effects (font (size 1 1) (thickness 0.15)) (justify mirror))
    )
    (fp_line (start 5.1 4.1) (end -5.1 4.1) (layer B.CrtYd) (width 0.05))
    (fp_line (start 5.1 -4.1) (end 5.1 4.1) (layer B.CrtYd) (width 0.05))
    (fp_line (start -5.1 -4.1) (end 5.1 -4.1) (layer B.CrtYd) (width 0.05))
    (fp_line (start -5.1 4.1) (end -5.1 -4.1) (layer B.CrtYd) (width 0.05))
    (fp_line (start 2.45 3.87) (end 1 3.87) (layer B.SilkS) (width 0.12))
    (fp_line (start 2.45 -3.87) (end 2.45 3.87) (layer B.SilkS) (width 0.12))
    (fp_line (start -2.45 -3.87) (end 2.45 -3.87) (layer B.SilkS) (width 0.12))
    (fp_line (start -2.45 3.87) (end -2.45 -3.87) (layer B.SilkS) (width 0.12))
    (fp_line (start -1 3.87) (end -2.45 3.87) (layer B.SilkS) (width 0.12))
    (fp_line (start -3.175 2.81) (end -2.175 3.81) (layer B.Fab) (width 0.1))
    (fp_line (start -3.175 -3.81) (end -3.175 2.81) (layer B.Fab) (width 0.1))
    (fp_line (start 3.175 -3.81) (end -3.175 -3.81) (layer B.Fab) (width 0.1))
    (fp_line (start 3.175 3.81) (end 3.175 -3.81) (layer B.Fab) (width 0.1))
    (fp_line (start -2.175 3.81) (end 3.175 3.81) (layer B.Fab) (width 0.1))
    (fp_arc (start 0 3.87) (end -1 3.87) (angle 180) (layer B.SilkS) (width 0.12))
    (pad 6 smd rect (at 3.81 2.54) (size 2 1.78) (layers B.Cu B.Paste B.Mask)
      (net 9 "Net-(R2-Pad1)"))
    (pad 3 smd rect (at -3.81 -2.54) (size 2 1.78) (layers B.Cu B.Paste B.Mask))
    (pad 5 smd rect (at 3.81 0) (size 2 1.78) (layers B.Cu B.Paste B.Mask))
    (pad 2 smd rect (at -3.81 0) (size 2 1.78) (layers B.Cu B.Paste B.Mask)
      (net 1 GND))
    (pad 4 smd rect (at 3.81 -2.54) (size 2 1.78) (layers B.Cu B.Paste B.Mask)
      (net 8 "Net-(Q2-Pad3)"))
    (pad 1 smd rect (at -3.81 2.54) (size 2 1.78) (layers B.Cu B.Paste B.Mask)
      (net 11 "Net-(R4-Pad2)"))
    (model ${KISYS3DMOD}/Package_DIP.3dshapes/SMDIP-6_W7.62mm.wrl
      (at (xyz 0 0 0))
      (scale (xyz 1 1 1))
      (rotate (xyz 0 0 0))
    )
  )

  (module Resistor_THT:R_Axial_DIN0411_L9.9mm_D3.6mm_P5.08mm_Vertical (layer F.Cu) (tedit 5AE5139B) (tstamp 5C1FD7AE)
    (at 65.9638 61.087 90)
    (descr "Resistor, Axial_DIN0411 series, Axial, Vertical, pin pitch=5.08mm, 1W, length*diameter=9.9*3.6mm^2")
    (tags "Resistor Axial_DIN0411 series Axial Vertical pin pitch 5.08mm 1W length 9.9mm diameter 3.6mm")
    (path /5BFAD7F9)
    (fp_text reference F1 (at 2.77368 -1.06172 180) (layer F.SilkS)
      (effects (font (size 1 1) (thickness 0.15)))
    )
    (fp_text value "Glass fuse 10mm 4A" (at 2.54 2.92 90) (layer F.Fab)
      (effects (font (size 1 1) (thickness 0.15)))
    )
    (fp_text user %R (at 2.54 -2.92 90) (layer F.Fab)
      (effects (font (size 1 1) (thickness 0.15)))
    )
    (fp_line (start 6.53 -2.05) (end -2.05 -2.05) (layer F.CrtYd) (width 0.05))
    (fp_line (start 6.53 2.05) (end 6.53 -2.05) (layer F.CrtYd) (width 0.05))
    (fp_line (start -2.05 2.05) (end 6.53 2.05) (layer F.CrtYd) (width 0.05))
    (fp_line (start -2.05 -2.05) (end -2.05 2.05) (layer F.CrtYd) (width 0.05))
    (fp_line (start 1.92 0) (end 3.58 0) (layer F.SilkS) (width 0.12))
    (fp_line (start 0 0) (end 5.08 0) (layer F.Fab) (width 0.1))
    (fp_circle (center 0 0) (end 1.92 0) (layer F.SilkS) (width 0.12))
    (fp_circle (center 0 0) (end 1.8 0) (layer F.Fab) (width 0.1))
    (pad 2 thru_hole oval (at 5.08 0 90) (size 2.4 2.4) (drill 1.2) (layers *.Cu *.Mask)
      (net 6 "Net-(F1-Pad2)"))
    (pad 1 thru_hole circle (at 0 0 90) (size 2.4 2.4) (drill 1.2) (layers *.Cu *.Mask)
      (net 4 LINE))
    (model ${KISYS3DMOD}/Resistor_THT.3dshapes/R_Axial_DIN0411_L9.9mm_D3.6mm_P5.08mm_Vertical.wrl
      (at (xyz 0 0 0))
      (scale (xyz 1 1 1))
      (rotate (xyz 0 0 0))
    )
  )

  (module TerminalBlock_RND:TerminalBlock_RND_205-00279_1x05_P5.00mm_Vertical (layer F.Cu) (tedit 5B294ECF) (tstamp 5C27AE82)
    (at 65.913 50.673 90)
    (descr "terminal block RND 205-00081, vertical (cable from top), 5 pins, pitch 5mm, size 25x10mm^2, drill diamater 1.3mm, pad diameter 2.5mm, see http://cdn-reichelt.de/documents/datenblatt/C151/RND_205-00276_DB_EN.pdf, script-generated with , script-generated using https://github.com/pointhi/kicad-footprint-generator/scripts/TerminalBlock_RND")
    (tags "THT terminal block RND 205-00081 vertical pitch 5mm size 25x10mm^2 drill 1.3mm pad 2.5mm")
    (path /5C1C3908)
    (fp_text reference J1 (at 21.21408 2.74066 180) (layer F.SilkS)
      (effects (font (size 1 1) (thickness 0.15)))
    )
    (fp_text value Screw_Terminal_01x05 (at 10 8.76 90) (layer F.Fab)
      (effects (font (size 1 1) (thickness 0.15)))
    )
    (fp_text user %R (at 10 5.7 90) (layer F.Fab)
      (effects (font (size 1 1) (thickness 0.15)))
    )
    (fp_line (start 23 -2.8) (end -3 -2.8) (layer F.CrtYd) (width 0.05))
    (fp_line (start 23 8.2) (end 23 -2.8) (layer F.CrtYd) (width 0.05))
    (fp_line (start -3 8.2) (end 23 8.2) (layer F.CrtYd) (width 0.05))
    (fp_line (start -3 -2.8) (end -3 8.2) (layer F.CrtYd) (width 0.05))
    (fp_line (start -2.8 8) (end -0.8 8) (layer F.SilkS) (width 0.12))
    (fp_line (start -2.8 5.76) (end -2.8 8) (layer F.SilkS) (width 0.12))
    (fp_line (start 22.05 -1.3) (end 17.95 -1.3) (layer F.Fab) (width 0.1))
    (fp_line (start 22.05 4.1) (end 22.05 -1.3) (layer F.Fab) (width 0.1))
    (fp_line (start 17.95 4.1) (end 22.05 4.1) (layer F.Fab) (width 0.1))
    (fp_line (start 17.95 -1.3) (end 17.95 4.1) (layer F.Fab) (width 0.1))
    (fp_line (start 22.05 -1.3) (end 22.05 4.1) (layer F.SilkS) (width 0.12))
    (fp_line (start 17.95 -1.3) (end 17.95 4.1) (layer F.SilkS) (width 0.12))
    (fp_line (start 17.95 4.1) (end 22.05 4.1) (layer F.SilkS) (width 0.12))
    (fp_line (start 20.884 -1.3) (end 22.05 -1.3) (layer F.SilkS) (width 0.12))
    (fp_line (start 17.95 -1.3) (end 19.117 -1.3) (layer F.SilkS) (width 0.12))
    (fp_line (start 17.05 -1.3) (end 12.95 -1.3) (layer F.Fab) (width 0.1))
    (fp_line (start 17.05 4.1) (end 17.05 -1.3) (layer F.Fab) (width 0.1))
    (fp_line (start 12.95 4.1) (end 17.05 4.1) (layer F.Fab) (width 0.1))
    (fp_line (start 12.95 -1.3) (end 12.95 4.1) (layer F.Fab) (width 0.1))
    (fp_line (start 17.05 -1.3) (end 17.05 4.1) (layer F.SilkS) (width 0.12))
    (fp_line (start 12.95 -1.3) (end 12.95 4.1) (layer F.SilkS) (width 0.12))
    (fp_line (start 12.95 4.1) (end 17.05 4.1) (layer F.SilkS) (width 0.12))
    (fp_line (start 15.884 -1.3) (end 17.05 -1.3) (layer F.SilkS) (width 0.12))
    (fp_line (start 12.95 -1.3) (end 14.117 -1.3) (layer F.SilkS) (width 0.12))
    (fp_line (start 12.05 -1.3) (end 7.95 -1.3) (layer F.Fab) (width 0.1))
    (fp_line (start 12.05 4.1) (end 12.05 -1.3) (layer F.Fab) (width 0.1))
    (fp_line (start 7.95 4.1) (end 12.05 4.1) (layer F.Fab) (width 0.1))
    (fp_line (start 7.95 -1.3) (end 7.95 4.1) (layer F.Fab) (width 0.1))
    (fp_line (start 12.05 -1.3) (end 12.05 4.1) (layer F.SilkS) (width 0.12))
    (fp_line (start 7.95 -1.3) (end 7.95 4.1) (layer F.SilkS) (width 0.12))
    (fp_line (start 7.95 4.1) (end 12.05 4.1) (layer F.SilkS) (width 0.12))
    (fp_line (start 10.884 -1.3) (end 12.05 -1.3) (layer F.SilkS) (width 0.12))
    (fp_line (start 7.95 -1.3) (end 9.117 -1.3) (layer F.SilkS) (width 0.12))
    (fp_line (start 7.05 -1.3) (end 2.95 -1.3) (layer F.Fab) (width 0.1))
    (fp_line (start 7.05 4.1) (end 7.05 -1.3) (layer F.Fab) (width 0.1))
    (fp_line (start 2.95 4.1) (end 7.05 4.1) (layer F.Fab) (width 0.1))
    (fp_line (start 2.95 -1.3) (end 2.95 4.1) (layer F.Fab) (width 0.1))
    (fp_line (start 7.05 -1.3) (end 7.05 4.1) (layer F.SilkS) (width 0.12))
    (fp_line (start 2.95 -1.3) (end 2.95 4.1) (layer F.SilkS) (width 0.12))
    (fp_line (start 2.95 4.1) (end 7.05 4.1) (layer F.SilkS) (width 0.12))
